!IMAGING
!THERMAL 265. 0.06 1 1 220. 0.06 0.035
Roman update June 2024: F146
2.370000 0.310000 0.11 408
0.85300 0.00000 0.00000
0.85600 0.00000 0.00000
0.85900 0.00000 0.00000
0.86200 0.00000 0.00000
0.86500 0.00000 0.00000
0.86800 0.00000 0.00000
0.87100 0.00000 0.00000
0.87400 0.00000 0.00000
0.87700 0.00000 0.00000
0.88000 0.00000 0.00000
0.88300 0.00000 0.00000
0.88600 0.00000 0.00000
0.88900 0.00000 0.00000
0.89200 0.00000 0.00000
0.89500 0.00000 0.00000
0.89800 0.00000 0.00000
0.90100 0.00000 0.00000
0.90400 0.00000 0.00000
0.90700 0.00000 0.00000
0.91000 0.00000 0.00000
0.91300 0.00003 0.00003
0.91600 0.00129 0.00108
0.91900 0.01872 0.01566
0.92200 0.11158 0.09332
0.92500 0.32489 0.27173
0.92800 0.55410 0.46343
0.93100 0.66347 0.55490
0.93400 0.68408 0.57214
0.93700 0.68690 0.57450
0.94000 0.68875 0.57605
0.94300 0.69033 0.57736
0.94600 0.69178 0.57858
0.94900 0.69353 0.58005
0.95200 0.69532 0.58154
0.95500 0.69651 0.58254
0.95800 0.69794 0.58373
0.96100 0.69901 0.58463
0.96400 0.70009 0.58553
0.96700 0.70085 0.58616
0.97000 0.70189 0.58703
0.97300 0.70261 0.58764
0.97600 0.70333 0.58824
0.97900 0.70409 0.58887
0.98200 0.70465 0.58935
0.98500 0.70501 0.58965
0.98800 0.70566 0.59018
0.99100 0.70574 0.59025
0.99400 0.70607 0.59053
0.99700 0.70639 0.59080
1.00000 0.70702 0.59133
1.00300 0.70725 0.59152
1.00600 0.70743 0.59167
1.00900 0.70766 0.59187
1.01200 0.70805 0.59219
1.01500 0.70813 0.59225
1.01800 0.70835 0.59244
1.02100 0.70854 0.59260
1.02400 0.70871 0.59274
1.02700 0.70862 0.59266
1.03000 0.70884 0.59285
1.03300 0.70868 0.59271
1.03600 0.70870 0.59273
1.03900 0.70849 0.59256
1.04200 0.70816 0.59228
1.04500 0.70798 0.59213
1.04800 0.70759 0.59180
1.05100 0.70730 0.59156
1.05400 0.70687 0.59120
1.05700 0.70659 0.59097
1.06000 0.70557 0.59012
1.06300 0.70520 0.58980
1.06600 0.70421 0.58898
1.06900 0.70349 0.58837
1.07200 0.70285 0.58783
1.07500 0.70234 0.58741
1.07800 0.70149 0.58670
1.08100 0.70085 0.58617
1.08400 0.70005 0.58550
1.08700 0.69954 0.58507
1.09000 0.69877 0.58443
1.09300 0.69808 0.58385
1.09600 0.69744 0.58332
1.09900 0.69770 0.58353
1.10200 0.69787 0.58367
1.10500 0.69771 0.58354
1.10800 0.69768 0.58351
1.11100 0.69737 0.58325
1.11400 0.69746 0.58333
1.11700 0.69747 0.58334
1.12000 0.69756 0.58341
1.12300 0.69755 0.58341
1.12600 0.69716 0.58308
1.12900 0.69714 0.58306
1.13200 0.69733 0.58322
1.13500 0.69724 0.58315
1.13800 0.69711 0.58304
1.14100 0.69743 0.58330
1.14400 0.69725 0.58315
1.14700 0.69737 0.58326
1.15000 0.69721 0.58312
1.15300 0.69704 0.58298
1.15600 0.69711 0.58304
1.15900 0.69675 0.58274
1.16200 0.69674 0.58273
1.16500 0.69635 0.58240
1.16800 0.69623 0.58230
1.17100 0.69609 0.58219
1.17400 0.69559 0.58177
1.17700 0.69534 0.58156
1.18000 0.69548 0.58167
1.18300 0.69519 0.58143
1.18600 0.69480 0.58111
1.18900 0.69450 0.58085
1.19200 0.69404 0.58047
1.19500 0.69377 0.58024
1.19800 0.69353 0.58005
1.20100 0.69311 0.57969
1.20400 0.69294 0.57955
1.20700 0.69275 0.57939
1.21000 0.69212 0.57887
1.21300 0.69186 0.57865
1.21600 0.69158 0.57841
1.21900 0.69135 0.57822
1.22200 0.69119 0.57809
1.22500 0.69093 0.57787
1.22800 0.69064 0.57763
1.23100 0.69038 0.57741
1.23400 0.68990 0.57701
1.23700 0.68950 0.57667
1.24000 0.68942 0.57661
1.24300 0.68899 0.57624
1.24600 0.68856 0.57589
1.24900 0.68849 0.57583
1.25200 0.68811 0.57551
1.25500 0.68793 0.57536
1.25800 0.68764 0.57511
1.26100 0.68718 0.57473
1.26400 0.68710 0.57467
1.26700 0.68677 0.57439
1.27000 0.68649 0.57415
1.27300 0.68647 0.57414
1.27600 0.68593 0.57369
1.27900 0.68622 0.57393
1.28200 0.68567 0.57347
1.28500 0.68582 0.57359
1.28800 0.68564 0.57345
1.29100 0.68570 0.57350
1.29400 0.68558 0.57339
1.29700 0.68560 0.57341
1.30000 0.68580 0.57358
1.30300 0.68566 0.57346
1.30600 0.68587 0.57363
1.30900 0.68617 0.57389
1.31200 0.68691 0.57451
1.31500 0.68672 0.57435
1.31800 0.68717 0.57473
1.32100 0.68734 0.57487
1.32400 0.68778 0.57524
1.32700 0.68814 0.57553
1.33000 0.68831 0.57568
1.33300 0.68898 0.57624
1.33600 0.68919 0.57641
1.33900 0.68954 0.57671
1.34200 0.68965 0.57680
1.34500 0.69017 0.57723
1.34800 0.69057 0.57756
1.35100 0.69072 0.57769
1.35400 0.69070 0.57768
1.35700 0.69079 0.57775
1.36000 0.69101 0.57794
1.36300 0.69072 0.57770
1.36600 0.69066 0.57765
1.36900 0.69096 0.57790
1.37200 0.69078 0.57775
1.37500 0.69082 0.57778
1.37800 0.69086 0.57781
1.38100 0.69059 0.57759
1.38400 0.69033 0.57737
1.38700 0.68992 0.57702
1.39000 0.68989 0.57700
1.39300 0.69026 0.57731
1.39600 0.68994 0.57704
1.39900 0.68995 0.57705
1.40200 0.68950 0.57667
1.40500 0.68952 0.57669
1.40800 0.68896 0.57623
1.41100 0.68823 0.57561
1.41400 0.68793 0.57536
1.41700 0.68731 0.57484
1.42000 0.68734 0.57487
1.42300 0.68786 0.57530
1.42600 0.68891 0.57618
1.42900 0.68899 0.57625
1.43200 0.68927 0.57648
1.43500 0.68951 0.57668
1.43800 0.68970 0.57684
1.44100 0.68981 0.57693
1.44400 0.69011 0.57719
1.44700 0.69006 0.57714
1.45000 0.69047 0.57749
1.45300 0.69070 0.57768
1.45600 0.69093 0.57787
1.45900 0.69125 0.57813
1.46200 0.69150 0.57835
1.46500 0.69172 0.57853
1.46800 0.69212 0.57886
1.47100 0.69235 0.57906
1.47400 0.69279 0.57942
1.47700 0.69312 0.57970
1.48000 0.69354 0.58005
1.48300 0.69400 0.58044
1.48600 0.69437 0.58075
1.48900 0.69464 0.58097
1.49200 0.69509 0.58135
1.49500 0.69552 0.58171
1.49800 0.69597 0.58208
1.50100 0.69624 0.58231
1.50400 0.69684 0.58281
1.50700 0.69737 0.58325
1.51000 0.69754 0.58340
1.51300 0.69828 0.58402
1.51600 0.69854 0.58423
1.51900 0.69877 0.58442
1.52200 0.69919 0.58478
1.52500 0.69962 0.58513
1.52800 0.70013 0.58556
1.53100 0.70053 0.58590
1.53400 0.70081 0.58613
1.53700 0.70104 0.58633
1.54000 0.70161 0.58680
1.54300 0.70161 0.58680
1.54600 0.70220 0.58729
1.54900 0.70255 0.58759
1.55200 0.70264 0.58766
1.55500 0.70300 0.58796
1.55800 0.70298 0.58795
1.56100 0.70331 0.58823
1.56400 0.70381 0.58864
1.56700 0.70386 0.58868
1.57000 0.70438 0.58912
1.57300 0.70437 0.58911
1.57600 0.70482 0.58949
1.57900 0.70481 0.58948
1.58200 0.70502 0.58966
1.58500 0.70534 0.58992
1.58800 0.70580 0.59031
1.59100 0.70603 0.59050
1.59400 0.70658 0.59096
1.59700 0.70671 0.59107
1.60000 0.70738 0.59162
1.60300 0.70767 0.59187
1.60600 0.70823 0.59234
1.60900 0.70880 0.59281
1.61200 0.70945 0.59336
1.61500 0.70989 0.59372
1.61800 0.71078 0.59447
1.62100 0.71131 0.59492
1.62400 0.71196 0.59546
1.62700 0.71257 0.59597
1.63000 0.71305 0.59637
1.63300 0.71392 0.59709
1.63600 0.71458 0.59765
1.63900 0.71534 0.59829
1.64200 0.71581 0.59868
1.64500 0.71659 0.59933
1.64800 0.71694 0.59962
1.65100 0.71767 0.60023
1.65400 0.71782 0.60036
1.65700 0.71869 0.60109
1.66000 0.71919 0.60150
1.66300 0.71967 0.60191
1.66600 0.72019 0.60234
1.66900 0.72047 0.60258
1.67200 0.72082 0.60287
1.67500 0.72113 0.60313
1.67800 0.72166 0.60357
1.68100 0.72232 0.60412
1.68400 0.72277 0.60450
1.68700 0.72308 0.60475
1.69000 0.72355 0.60515
1.69300 0.72416 0.60566
1.69600 0.72454 0.60598
1.69900 0.72521 0.60654
1.70200 0.72597 0.60717
1.70500 0.72645 0.60758
1.70800 0.72708 0.60810
1.71100 0.72755 0.60849
1.71400 0.72815 0.60900
1.71700 0.72887 0.60960
1.72000 0.72950 0.61013
1.72300 0.73011 0.61064
1.72600 0.73084 0.61125
1.72900 0.73120 0.61155
1.73200 0.73194 0.61217
1.73500 0.73262 0.61274
1.73800 0.73299 0.61305
1.74100 0.73335 0.61335
1.74400 0.73406 0.61394
1.74700 0.73448 0.61429
1.75000 0.73463 0.61441
1.75300 0.73516 0.61486
1.75600 0.73555 0.61519
1.75900 0.73573 0.61534
1.76200 0.73618 0.61572
1.76500 0.73628 0.61580
1.76800 0.73654 0.61602
1.77100 0.73649 0.61597
1.77400 0.73662 0.61609
1.77700 0.73701 0.61641
1.78000 0.73736 0.61670
1.78300 0.73717 0.61654
1.78600 0.73722 0.61658
1.78900 0.73786 0.61712
1.79200 0.73800 0.61723
1.79500 0.73822 0.61742
1.79800 0.73829 0.61748
1.80100 0.73890 0.61799
1.80400 0.73914 0.61819
1.80700 0.73951 0.61850
1.81000 0.74014 0.61903
1.81300 0.74054 0.61936
1.81600 0.74122 0.61993
1.81900 0.74111 0.61983
1.82200 0.74144 0.62011
1.82500 0.74266 0.62114
1.82800 0.74358 0.62190
1.83100 0.74374 0.62203
1.83400 0.74397 0.62223
1.83700 0.74487 0.62298
1.84000 0.74568 0.62366
1.84300 0.74570 0.62368
1.84600 0.74591 0.62385
1.84900 0.74655 0.62439
1.85200 0.74636 0.62423
1.85500 0.74674 0.62455
1.85800 0.74695 0.62472
1.86100 0.74739 0.62509
1.86400 0.74738 0.62508
1.86700 0.74656 0.62439
1.87000 0.74656 0.62440
1.87300 0.74701 0.62477
1.87600 0.74717 0.62490
1.87900 0.74729 0.62501
1.88200 0.74729 0.62500
1.88500 0.74708 0.62483
1.88800 0.74702 0.62478
1.89100 0.74729 0.62501
1.89400 0.74627 0.62415
1.89700 0.74591 0.62386
1.90000 0.74627 0.62415
1.90300 0.74629 0.62417
1.90600 0.74647 0.62432
1.90900 0.74562 0.62361
1.91200 0.74599 0.62392
1.91500 0.74596 0.62390
1.91800 0.74523 0.62329
1.92100 0.74533 0.62336
1.92400 0.74576 0.62373
1.92700 0.74486 0.62297
1.93000 0.74537 0.62340
1.93300 0.74505 0.62314
1.93600 0.74487 0.62299
1.93900 0.74481 0.62293
1.94200 0.74550 0.62351
1.94500 0.74463 0.62278
1.94800 0.74474 0.62288
1.95100 0.74480 0.62292
1.95400 0.74526 0.62331
1.95700 0.74571 0.62368
1.96000 0.74537 0.62340
1.96300 0.74602 0.62394
1.96600 0.74609 0.62401
1.96900 0.74663 0.62445
1.97200 0.74649 0.62433
1.97500 0.74660 0.62443
1.97800 0.74662 0.62445
1.98100 0.74692 0.62470
1.98400 0.74600 0.62393
1.98700 0.73766 0.61695
1.99000 0.70338 0.58829
1.99300 0.61851 0.51730
1.99600 0.47847 0.40017
1.99900 0.30360 0.25392
2.00200 0.13887 0.11614
2.00500 0.03860 0.03228
2.00800 0.00561 0.00469
2.01100 0.00038 0.00032
2.01400 0.00001 0.00001
2.01700 0.00000 0.00000
2.02000 0.00000 0.00000
2.02300 0.00000 0.00000
2.02600 0.00000 0.00000
2.02900 0.00000 0.00000
2.03200 0.00000 0.00000
2.03500 0.00000 0.00000
2.03800 0.00000 0.00000
2.04100 0.00000 0.00000
2.04400 0.00000 0.00000
2.04700 0.00000 0.00000
2.05000 0.00000 0.00000
2.05300 0.00000 0.00000
2.05600 0.00000 0.00000
2.05900 0.00000 0.00000
2.06200 0.00000 0.00000
2.06500 0.00000 0.00000
2.06800 0.00000 0.00000
2.07100 0.00000 0.00000
2.07400 0.00000 0.00000
