!IMAGING
!THERMAL 265. 0.06 1 1 220. 0.06 0.035
Roman update June 2024: F158
2.370000 0.310000 0.11 186
1.30600 0.00000 0.00000
1.30900 0.00000 0.00000
1.31200 0.00000 0.00000
1.31500 0.00000 0.00000
1.31800 0.00000 0.00000
1.32100 0.00000 0.00000
1.32400 0.00000 0.00000
1.32700 0.00000 0.00000
1.33000 0.00000 0.00000
1.33300 0.00000 0.00000
1.33600 0.00000 0.00000
1.33900 0.00000 0.00000
1.34200 0.00000 0.00000
1.34500 0.00000 0.00000
1.34800 0.00000 0.00000
1.35100 0.00000 0.00000
1.35400 0.00000 0.00000
1.35700 0.00000 0.00000
1.36000 0.00000 0.00000
1.36300 0.00000 0.00000
1.36600 0.00001 0.00001
1.36900 0.00024 0.00020
1.37200 0.00320 0.00268
1.37500 0.02243 0.01876
1.37800 0.08977 0.07508
1.38100 0.22898 0.19151
1.38400 0.41629 0.34817
1.38700 0.58043 0.48545
1.39000 0.66468 0.55591
1.39300 0.68732 0.57485
1.39600 0.68979 0.57691
1.39900 0.68995 0.57705
1.40200 0.68950 0.57667
1.40500 0.68952 0.57669
1.40800 0.68896 0.57623
1.41100 0.68823 0.57561
1.41400 0.68793 0.57536
1.41700 0.68731 0.57484
1.42000 0.68734 0.57487
1.42300 0.68786 0.57530
1.42600 0.68891 0.57618
1.42900 0.68899 0.57625
1.43200 0.68927 0.57648
1.43500 0.68951 0.57668
1.43800 0.68970 0.57684
1.44100 0.68981 0.57693
1.44400 0.69011 0.57719
1.44700 0.69006 0.57714
1.45000 0.69047 0.57749
1.45300 0.69070 0.57768
1.45600 0.69093 0.57787
1.45900 0.69125 0.57813
1.46200 0.69150 0.57835
1.46500 0.69172 0.57853
1.46800 0.69212 0.57886
1.47100 0.69235 0.57906
1.47400 0.69279 0.57942
1.47700 0.69312 0.57970
1.48000 0.69354 0.58005
1.48300 0.69400 0.58044
1.48600 0.69437 0.58075
1.48900 0.69464 0.58097
1.49200 0.69509 0.58135
1.49500 0.69552 0.58171
1.49800 0.69597 0.58208
1.50100 0.69624 0.58231
1.50400 0.69684 0.58281
1.50700 0.69737 0.58325
1.51000 0.69754 0.58340
1.51300 0.69828 0.58402
1.51600 0.69854 0.58423
1.51900 0.69877 0.58442
1.52200 0.69919 0.58478
1.52500 0.69962 0.58513
1.52800 0.70013 0.58556
1.53100 0.70053 0.58590
1.53400 0.70081 0.58613
1.53700 0.70104 0.58633
1.54000 0.70161 0.58680
1.54300 0.70161 0.58680
1.54600 0.70220 0.58729
1.54900 0.70255 0.58759
1.55200 0.70264 0.58766
1.55500 0.70300 0.58796
1.55800 0.70298 0.58795
1.56100 0.70331 0.58823
1.56400 0.70381 0.58864
1.56700 0.70386 0.58868
1.57000 0.70438 0.58912
1.57300 0.70437 0.58911
1.57600 0.70482 0.58949
1.57900 0.70481 0.58948
1.58200 0.70502 0.58966
1.58500 0.70534 0.58992
1.58800 0.70580 0.59031
1.59100 0.70603 0.59050
1.59400 0.70658 0.59096
1.59700 0.70671 0.59107
1.60000 0.70738 0.59162
1.60300 0.70767 0.59187
1.60600 0.70823 0.59234
1.60900 0.70880 0.59281
1.61200 0.70945 0.59336
1.61500 0.70989 0.59372
1.61800 0.71078 0.59447
1.62100 0.71131 0.59492
1.62400 0.71196 0.59546
1.62700 0.71257 0.59597
1.63000 0.71305 0.59637
1.63300 0.71392 0.59709
1.63600 0.71458 0.59765
1.63900 0.71534 0.59829
1.64200 0.71581 0.59868
1.64500 0.71659 0.59933
1.64800 0.71694 0.59962
1.65100 0.71767 0.60023
1.65400 0.71782 0.60036
1.65700 0.71869 0.60109
1.66000 0.71919 0.60150
1.66300 0.71967 0.60191
1.66600 0.72019 0.60234
1.66900 0.72047 0.60258
1.67200 0.72082 0.60287
1.67500 0.72113 0.60313
1.67800 0.72166 0.60357
1.68100 0.72232 0.60412
1.68400 0.72277 0.60450
1.68700 0.72308 0.60475
1.69000 0.72355 0.60515
1.69300 0.72416 0.60566
1.69600 0.72454 0.60598
1.69900 0.72521 0.60654
1.70200 0.72597 0.60717
1.70500 0.72645 0.60758
1.70800 0.72708 0.60810
1.71100 0.72755 0.60849
1.71400 0.72815 0.60900
1.71700 0.72887 0.60960
1.72000 0.72950 0.61013
1.72300 0.73011 0.61064
1.72600 0.73084 0.61125
1.72900 0.73120 0.61155
1.73200 0.73194 0.61217
1.73500 0.73262 0.61274
1.73800 0.73299 0.61305
1.74100 0.73335 0.61335
1.74400 0.73406 0.61394
1.74700 0.73448 0.61429
1.75000 0.73463 0.61441
1.75300 0.73516 0.61486
1.75600 0.73555 0.61519
1.75900 0.73572 0.61533
1.76200 0.73610 0.61565
1.76500 0.73546 0.61511
1.76800 0.73113 0.61149
1.77100 0.71218 0.59564
1.77400 0.65956 0.55163
1.77700 0.55579 0.46484
1.78000 0.40465 0.33844
1.78300 0.23938 0.20021
1.78600 0.10722 0.08967
1.78900 0.03382 0.02828
1.79200 0.00704 0.00589
1.79500 0.00092 0.00077
1.79800 0.00008 0.00006
1.80100 0.00000 0.00000
1.80400 0.00000 0.00000
1.80700 0.00000 0.00000
1.81000 0.00000 0.00000
1.81300 0.00000 0.00000
1.81600 0.00000 0.00000
1.81900 0.00000 0.00000
1.82200 0.00000 0.00000
1.82500 0.00000 0.00000
1.82800 0.00000 0.00000
1.83100 0.00000 0.00000
1.83400 0.00000 0.00000
1.83700 0.00000 0.00000
1.84000 0.00000 0.00000
1.84300 0.00000 0.00000
1.84600 0.00000 0.00000
1.84900 0.00000 0.00000
1.85200 0.00000 0.00000
1.85500 0.00000 0.00000
1.85800 0.00000 0.00000
1.86100 0.00000 0.00000
